,mpc_x_0,mpc_x_1,mpc_x_2,mpc_x_3,mpc_x_4,mpc_x_5,mpc_x_6,mpc_x_7,mpc_x_8,mpc_x_9,mpc_x_10,mpc_x_11,mpc_x_12,mpc_x_13,mpc_x_14,mpc_x_15,mpc_x_16,mpc_x_17,mpc_x_18,mpc_x_19,mpc_x_20,mpc_x_21,mpc_x_22,mpc_x_23,mpc_x_24,mpc_x_25,mpc_x_26,mpc_x_27,mpc_x_28,mpc_x_29,mpc_x_30,mpc_x_31,mpc_x_32,mpc_x_33,mpc_x_34,mpc_x_35,mpc_x_36,mpc_x_37,mpc_x_38,mpc_x_39,mpc_x_40,mpc_x_41,mpc_x_42,mpc_x_43,mpc_x_44,mpc_x_45,mpc_x_46,mpc_x_47,mpc_x_48,mpc_x_49,mpc_x_50,mpc_x_51,mpc_x_52,mpc_x_53,mpc_x_54,mpc_x_55,mpc_x_56,mpc_x_57,mpc_x_58,mpc_x_59,mpc_x_60,mpc_x_61,mpc_x_62,mpc_x_63,mpc_x_64,mpc_x_65,mpc_x_66,mpc_x_67,mpc_x_68,mpc_x_69,mpc_x_70,mpc_x_71,mpc_x_72,mpc_x_73,mpc_x_74,mpc_x_75,mpc_x_76,mpc_x_77,mpc_x_78,mpc_x_79,mpc_x_80,mpc_x_81,mpc_x_82,mpc_x_83,mpc_x_84,mpc_x_85,mpc_x_86,mpc_x_87,mpc_x_88,mpc_x_89,mpc_x_90,mpc_x_91,mpc_x_92,mpc_x_93,mpc_x_94,mpc_x_95,mpc_x_96,mpc_x_97,mpc_x_98,mpc_x_99,mpc_x_100,mpc_x_101,mpc_x_102,mpc_x_103,mpc_x_104,mpc_x_105,mpc_x_106,mpc_x_107,mpc_x_108,mpc_x_109,mpc_x_110,mpc_x_111,mpc_x_112,mpc_x_113,mpc_x_114,mpc_x_115,mpc_x_116,mpc_x_117,mpc_x_118,mpc_x_119,mpc_x_120,mpc_x_121,mpc_x_122,mpc_x_123,mpc_x_124,mpc_x_125,mpc_x_126,mpc_x_127,mpc_x_128,mpc_x_129,mpc_x_130,mpc_x_131,mpc_x_132,mpc_x_133,mpc_x_134,mpc_x_135,mpc_x_136,mpc_x_137,mpc_x_138,mpc_x_139,mpc_x_140,mpc_x_141,mpc_x_142,mpc_x_143,mpc_x_144,mpc_x_145,mpc_x_146,mpc_x_147,mpc_x_148,mpc_x_149,mpc_x_150,mpc_x_151,mpc_x_152,mpc_x_153,mpc_x_154,mpc_x_155,mpc_x_156,mpc_x_157,mpc_x_158,mpc_x_159,mpc_x_160,mpc_x_161,mpc_x_162,mpc_x_163,mpc_x_164,mpc_x_165,mpc_x_166,mpc_x_167,mpc_x_168,mpc_x_169,mpc_x_170,mpc_x_171,mpc_x_172,mpc_x_173,mpc_x_174,mpc_x_175,mpc_x_176,mpc_x_177,mpc_x_178,mpc_x_179,mpc_x_180,mpc_x_181,mpc_x_182,mpc_x_183,mpc_x_184,mpc_x_185,mpc_x_186,mpc_x_187,mpc_x_188,mpc_x_189,mpc_x_190,mpc_x_191,mpc_x_192,mpc_x_193,mpc_x_194,mpc_x_195,mpc_x_196,mpc_x_197,mpc_x_198,mpc_x_199,u_0,y_0,ctg
0,-580.0,273.0,-109.0,-253.0,932.0,559.0,865.0,586.0,-422.0,963.0,213.0,-723.0,-21.0,596.0,605.0,-104.0,395.0,961.0,-863.0,-268.0,458.0,-302.0,-112.0,-308.0,897.0,550.0,832.0,-818.0,-171.0,-410.0,-181.0,880.0,-373.0,-22.0,575.0,-702.0,-758.0,-324.0,101.0,318.0,-645.0,-119.0,574.0,-895.0,298.0,-739.0,950.0,574.0,-961.0,-880.0,-62.0,-801.0,417.0,390.0,840.0,-568.0,519.0,315.0,429.0,957.0,-514.0,313.0,-672.0,-273.0,-514.0,-71.0,807.0,449.0,599.0,912.0,225.0,-264.0,-279.0,-468.0,-73.0,-106.0,457.0,239.0,548.0,-433.0,-223.0,961.0,-488.0,-988.0,18.0,505.0,-940.0,825.0,359.0,-61.0,225.0,925.0,930.0,-516.0,-131.0,881.0,-31.0,-352.0,-93.0,414.0,-736.0,-307.0,-562.0,-787.0,-871.0,-58.0,15.0,728.0,-790.0,536.0,-271.0,797.0,800.0,306.0,-349.0,-652.0,564.0,103.0,75.0,-36.0,-920.0,-1000.0,959.0,-570.0,728.0,17.0,662.0,-423.0,967.0,24.0,-110.0,-696.0,374.0,-137.0,-361.0,-944.0,-70.0,-523.0,-9.0,-308.0,197.0,351.0,41.0,489.0,-735.0,718.0,-513.0,-594.0,-346.0,-731.0,-131.0,-749.0,-225.0,-119.0,476.0,305.0,11.0,788.0,-706.0,-521.0,391.0,-164.0,833.0,-125.0,-900.0,-622.0,-16.0,347.0,-84.0,652.0,-510.0,259.0,686.0,-967.0,993.0,-570.0,302.0,-736.0,-41.0,186.0,-548.0,-639.0,-805.0,-933.0,-943.0,-457.0,-78.0,493.0,-785.0,-733.0,-419.0,289.0,470.0,346.0,-294.0,-625.0,924.0,983.0,874.0,184.0,-4.8269040139056624e-33,-212705.53589956922,43161183928.03625
1,0.6473069479588377,10.181668841645312,-0.8344420901673605,-2.8266401648154953,10.619588653107032,-5.215632451509197,13.444390630224142,8.533554526587226,4.735338128654877,11.972171482644391,3.8287384278120493,19.911586026276048,-35.779039588649994,23.529317229747097,3.6236421924202245,-16.421600732125516,0.8378505682889225,-7.246297833879881,7.4543917064712115,-3.066698196505005,-22.651067121860653,-1.8375610552848833,11.689190315207446,-24.389876115160536,15.073165577189918,-13.28126376309783,-9.521277177862732,-8.888492070854664,11.534305935252727,-2.6812379609109893,2.457620563757475,19.275940295866317,-35.16416036424821,-4.985509678034921,-17.777448012546163,-7.175990581517502,-28.659930422249527,-4.6644543707170305,13.869504853287388,11.723997206345375,8.308838948590777,-2.7763304925184586,-10.970021341339127,-5.235185231974813,-15.108094595637674,-25.25280724289871,6.7093880573691145,13.57591308727013,51.471414887102824,-24.7698939581918,-8.235866450878662,-3.3613852212265947,-21.100317119215564,34.80583940433879,11.028981322644649,11.804585875998976,-0.7931333201468094,1.192690495695614,9.847118040508445,-32.241284374436326,-8.371851764065406,3.4320534733479806,-3.9260256680343746,21.655857620960454,-0.5020409109914417,2.8429283877036275,-16.816300857821734,5.497689166137808,-12.068734661621654,-22.49694941523803,-25.268653781830864,2.772786527667495,-47.63726970631486,-29.355742157771278,-1.8787285682885397,4.13492113702642,-24.211976109510918,2.5775377201900294,-14.336178729215241,4.987758855631551,12.53245270708767,12.211952541715299,-20.699372574686794,-1.8867384447088251,-22.862916742312006,9.178306202519668,-22.732854854722873,-1.4603545570883298,-0.3528366332196655,-12.353996453470655,13.581800391745109,-2.5062167474996206,-3.293780342954773,6.121280842265694,8.397182035856337,-12.512524612518993,-0.2734113040538282,-0.22879709778242985,-7.679417056065068,-6.248865512280386,-1.8170937869844177,0.7402309263898291,12.72825417388976,2.28159861166417,-2.9001965714100866,2.163863577367535,-3.3839551915136545,6.8220775049554785,11.534956119747369,-5.087615970416096,3.078535242380627,-0.1317707534618967,5.23164986863831,-0.9687753274597484,0.8815208145532701,1.0214481887013067,0.2326879811682142,-3.3270571220460745,-8.436818744172497,-10.027567171503357,-11.74315942377266,14.697813611309684,16.28070343122137,-4.180313269236614,-14.320462405172199,4.9426409146332935,-0.8102250017147791,14.899719676052126,24.138849539343088,-8.279529187418516,0.04925868736029534,-10.3507717521379,26.997119534705632,2.086245684730321,4.4559239996040505,-8.223018174253017,12.374394130658253,0.8372755916211048,-0.964699515996936,7.023243204596935,7.54015127844596,13.919605864455303,6.683760439668904,3.0363071185240496,-0.9355321932187264,5.328945238296218,-9.07648463260305,-5.953781667490145,-5.872263405894609,12.103951367208822,-3.8565983724419413,-29.237085615004116,13.43909699021061,0.10359599255977996,-24.787692421884337,-4.43829608653229,-17.095623534831628,6.6156120060249926,-10.848208252549567,-1.9270537236577425,-7.314963064259403,26.67719625242343,12.917257935156215,-0.41923982526267645,-13.516173270487116,14.595657441937592,-1.4784151204010805,-10.575284502312986,-9.124698978848556,-14.95485706258032,5.922779041925268,-1.576903125611347,0.9800072819448693,-13.12029491093072,14.357537708292403,-9.207279372789916,6.820480892454247,7.8429101033810085,-6.043755819250361,-7.380826592143491,-4.733084855396187,10.412200320641148,-1.159856916665835,-5.568353716562576,0.8941055576822285,-22.667162033937434,-8.106914597811912,-7.910547468191463,10.849775524326938,9.948198274967414,-11.701563733439917,-17.878451037207174,-5.056090777274612,4.355809889296428,-5.78065023437137,-4.736362811847115,-5.940744640308008,15.538829691123908,-4.97479166737916,-10.155294638540628,-40.55787501202421,-21263.888802122936,6625139068.738586
2,0.8219904781207428,8.95150759103476,-1.0017230023621944,-2.6201683990202227,9.021729277078647,-4.355293248146824,10.745227940016672,7.25794684250318,4.43886396602855,9.886463289412099,3.2966992704547855,17.61599727064558,-32.335241151851726,20.269377586099495,3.087992473894144,-14.398810617895707,1.0439991615159192,-7.643790451105308,6.317025424870762,-2.6393444658248932,-20.099122168491775,-1.5127481589221958,10.093706771662058,-21.64910609253498,12.63755497739293,-11.70197493408534,-8.524125621091144,-7.564653026788167,10.694212713623422,-2.0958403869238658,2.3669420725973387,16.87201052716209,-30.25646932462659,-4.700961497313462,-15.482392008386825,-6.464319530929084,-25.563087553511153,-4.45832085711166,11.897432696786742,9.991690433329529,7.4260547353034765,-2.2842561338421477,-9.825653231820421,-4.627569660714706,-12.78773805128043,-22.306707072990815,6.079653527091146,12.739043043030003,45.61093573545937,-22.128750309715162,-6.8949076026217515,-3.0194589019355527,-18.344997913905004,31.715721839319297,9.776839106843564,10.698230914314397,-0.38138939025678764,0.9087714388764766,8.461131996114856,-27.90095121287291,-7.302062407887535,2.894600475771184,-3.1941535981846756,19.275785606801975,-0.7383017377746958,2.856130256508356,-15.02387643739035,4.597501949994683,-10.742401125063996,-20.0456659204099,-21.990601637038417,2.662700971897292,-41.17332246363213,-26.221349060340895,-2.072255525096233,3.967448326801342,-20.739648947794137,1.3897279182205364,-12.661759681229807,4.297654917753013,11.379319543744124,10.41865295586084,-18.460040976784235,-1.5523752554923116,-19.87643874811149,8.250930190571253,-19.672288553215616,-1.285088394910019,-0.40188094480141373,-11.31633731534407,11.69095742012175,-2.8805636303723965,-2.7615512586774558,5.59417267493624,7.6875487929656,-10.511876712312402,-0.026855034870700716,-0.1759975592109414,-6.940154747277941,-5.9762052320786285,-1.9179467598998448,0.8594063969557986,11.35926211754456,2.1572277229799193,-2.3785385455864225,1.9532465071040612,-2.992329498681585,6.125381587245679,10.50932075268092,-4.465288194553923,2.7440120907248304,0.3310755168532094,4.511667756110917,-0.6384400304310799,0.6660466973476754,0.864127343363889,0.12100933584794421,-3.1512186817724044,-7.570691295780457,-9.743433190280442,-10.383764830463292,13.252175232536223,14.498674327044172,-4.4025332769642205,-13.608509259537671,4.409882335594985,-0.825547801634939,12.932866669182708,21.698727528564383,-7.1811879572510255,0.11658498812698906,-10.048889273095789,24.234741777852346,1.735716697293493,3.8804178440485417,-6.991566241977304,11.620870171930296,0.7170101130292021,-1.4459866968236796,5.927887147138879,6.1329371969592685,12.182897295278048,6.37331263386573,2.532043764938994,-0.5362571834044202,4.284913673677197,-8.011583424964513,-5.45275076776011,-5.447697137077122,10.925862450104589,-3.4231903816676774,-25.656698814378124,11.923178643458526,0.33764597421560516,-21.790290738642863,-3.8649275878844844,-14.927089803819417,6.569299299900726,-9.55642468701624,-1.9859896035209008,-7.232123307938671,23.30172025096684,11.532586521355073,-0.6255180738460949,-12.141079802194326,13.186385716230134,-1.2685010780040287,-9.519661614451431,-8.662101673974671,-13.769682452793006,6.29066887790208,-1.3382470958402821,0.368144389958142,-12.035355794179003,12.63366055852042,-7.79205539419081,6.014273796908901,7.122987770666373,-4.740103595366295,-6.6154851614527175,-4.147496012300323,9.067973422834713,-1.645744663329315,-4.153813001968373,0.9565131128147051,-20.744045999755752,-6.648021837244585,-6.455941037126048,9.572275075768431,8.861325608449487,-10.392066775735383,-15.716725965629474,-4.351602399958183,3.9275192599721125,-4.352261258073871,-3.6933097825685715,-5.125172545871331,14.103391228402804,-5.357910586902711,-9.06963196981197,-40.54900475498403,-19232.5677618624,6228594144.075706
3,0.8234636423440496,8.954496622033705,-1.0004957735325395,-2.620583114076196,9.021595504530788,-4.354223223923682,10.737887549600027,7.254718267229153,4.438761080943868,9.881623965561031,3.294004662699844,17.615649818101975,-32.33843792848329,20.265756172084284,3.086810089303329,-14.399166577025996,1.0443750678811683,-7.652174022453974,6.315293696464407,-2.639504217197866,-20.100010726970638,-1.5099599383296698,10.089802673379545,-21.648008893401975,12.636330516295962,-11.701570364580489,-8.526176256997173,-7.560915251426982,10.69601916351013,-2.094013215895877,2.368927045823111,16.872065572832273,-30.248117219393677,-4.701988565846233,-15.481564115227888,-6.46292266802335,-25.565665886288276,-4.457965098023628,11.894582834611523,9.990794098460823,7.425552343032334,-2.283599727292887,-9.826974195834424,-4.629448082543306,-12.782024393003292,-22.311293680051055,6.07872365036937,12.746085079681455,45.60787118686977,-22.132279785668178,-6.889270804393662,-3.020193261616198,-18.34083341142829,31.727067008404934,9.779437202460262,10.700000407948933,-0.37941948681005233,0.9055973631437605,8.460721663711858,-27.893220488399653,-7.303429933484334,2.8945023201041487,-3.1961901444311467,19.274978394508036,-0.7413144330680723,2.857650600499475,-15.025787388339932,4.595489976565412,-10.742636413923883,-20.044371587110966,-21.987877282795164,2.665060903753911,-41.16491517861678,-26.22383332765518,-2.072853877667192,3.964574580468458,-20.73246244526897,1.3860233999662925,-12.664479060726439,4.296266815740401,11.382307052482568,10.415794654170895,-18.45942946452452,-1.5525764640253747,-19.87145511480848,8.251595956602836,-19.6731803009065,-1.2860235396021764,-0.4010171405476004,-11.318808454004575,11.6876456484765,-2.8832552051382416,-2.7619718265194035,5.590993336418343,7.688401144788317,-10.50697540639535,-0.024625746377286206,-0.17755890663662524,-6.942244585312752,-5.9789516793805575,-1.9188113733344037,0.8614913146567706,11.359321611140421,2.157776401848154,-2.379988087054619,1.9541602671868759,-2.9885051923261803,6.126188912821983,10.510367238158109,-4.463353081378148,2.744397963361216,0.33449881232007195,4.510119344702513,-0.6360477634243905,0.6623524173515201,0.8589831983284821,0.12005988541426353,-3.15454194708917,-7.5713312555858705,-9.749513845207428,-10.384662413099564,13.253650473046152,14.49936033112505,-4.405978797053696,-13.611095255284793,4.411828767132097,-0.8260957927285828,12.931710349108046,21.706112519465275,-7.181591009786567,0.1156693364435188,-10.053654504362312,24.239912836169676,1.734323356791711,3.88142696566678,-6.990807279951718,11.622141863779717,0.7166896021980942,-1.4468458330742657,5.924953309430434,6.132522236343937,12.182154368335185,6.374222370008022,2.5327763159238947,-0.5329080540064252,4.282139599260563,-8.00952906226073,-5.448649140212897,-5.449697616944018,10.926407944444993,-3.4213951497557558,-25.65887914113427,11.92121895030033,0.33707237675060303,-21.789336011651855,-3.862678614364663,-14.924071254974946,6.574946235625441,-9.556510445008206,-1.9890473639970012,-7.233778997190734,23.298774536513175,11.535421556332523,-0.6246333565493866,-12.139033640066582,13.187722805229278,-1.269006934185229,-9.523829591563514,-8.668796235946429,-13.775351285120658,6.300494703732698,-1.3360033654980348,0.36423564589270935,-12.037478061383723,12.631932599990705,-7.791904295121847,6.013706435458307,7.123024903124183,-4.733853067511903,-6.614325291504885,-4.150269779924991,9.065514639245457,-1.6501027228164937,-4.147692417942009,0.9555652247422716,-20.746724534507383,-6.642116082692426,-6.4553853986487875,9.570743350216828,8.86139190250807,-10.394053712531324,-15.714684606128829,-4.350376194457046,3.93136040488108,-4.347171055968031,-3.6928593385100057,-5.127141671419398,14.107680273627142,-5.36391950403838,-9.07074067853072,-40.5489315518114,-19236.441903868337,5901108376.640665
4,0.8234641301458346,8.954518288220628,-1.0004974025913502,-2.6205877460669633,9.021616792721034,-4.354235650358683,10.737927403372039,7.254733806848638,4.438771422443809,9.881650837921878,3.294014569970609,17.615688642563526,-32.33850653808689,20.265805553594795,3.086814759009476,-14.39919627851579,1.0443699757803877,-7.6521776417895255,6.31531192157859,-2.639512031898053,-20.100048302491455,-1.5099677354094014,10.089828274786225,-21.64805538637927,12.63636002809623,-11.70159867687043,-8.526193385381871,-7.560932960397111,10.696035859447495,-2.0940272179271355,2.3689301775721883,16.8721028711446,-30.24819708592469,-4.701991069626395,-15.48159886680207,-6.462938202293086,-25.56570996657738,-4.457972731044664,11.894612288735411,9.990814947323377,7.425567401894778,-2.28360674386878,-9.82699364261986,-4.629457298445811,-12.78206241315832,-22.311332744569356,6.078736853707238,12.746100977706083,45.60797522250969,-22.132325120033407,-6.889299526702536,-3.020192693726575,-18.34088018456918,31.72711689257456,9.779455350094738,10.700021065772614,-0.37942666477413106,0.9056074521631012,8.460742359095159,-27.893296830139203,-7.3034449776093515,2.894507395001899,-3.1961963064133228,19.275019582090252,-0.7413112713106758,2.8576516648061077,-15.025826225292093,4.595504150859496,-10.742655718075962,-20.04441337223451,-21.987930307292082,2.6650655730253763,-41.16502353007595,-26.223886462422946,-2.072854715118988,3.9645836633045377,-20.732519573611558,1.3860355892374618,-12.664502166086507,4.29627808164823,11.382325158400626,10.415826999764773,-18.459459616116618,-1.5525846302794974,-19.871498303584016,8.251609951497226,-19.673228496328267,-1.2860273872002594,-0.4010173705131028,-11.318830694046785,11.687676940300237,-2.8832533405404854,-2.7619821876126798,5.591004743801466,7.688417033941043,-10.507010020512032,-0.024625855272423735,-0.17756046522560892,-6.942256255638501,-5.978958214337106,-1.9188068556665914,0.8614943412925926,11.359345853422035,2.157779760620459,-2.3799898456950044,1.954161581693613,-2.9885151928955906,6.12620096239203,10.510390374392465,-4.463366071452785,2.7444036788407464,0.33449429540408376,4.51013085350161,-0.6360517443576947,0.6623607176830703,0.8589897378721699,0.12006398367631424,-3.1545465099603773,-7.5713443689622055,-9.749520700360694,-10.384678785669324,13.253675410911123,14.499388462222901,-4.405979731496524,-13.61111253761348,4.411829303295186,-0.8260993338172588,12.931744825326126,21.70614733376569,-7.181604410937825,0.11567049563520883,-10.053664227430177,24.239953554510258,1.7343314326962542,3.881440900680081,-6.990825923071815,11.62216238695203,0.716696551776697,-1.4468413115267367,5.924969280545777,6.132543664205809,12.182183125726043,6.37422864989773,2.532779838921445,-0.5329127065374057,4.282152392717677,-8.009545531039883,-5.448662644914052,-5.449706413461678,10.926436568890397,-3.4214017165691164,-25.658931710788423,11.921248210111889,0.3370705271923326,-21.78939150201604,-3.8626851051146307,-14.924106834310166,6.574943629447045,-9.556532160958874,-1.9890489887168068,-7.233789607122839,23.298830947530565,11.535442555986268,-0.6246316847994273,-12.139056582380405,13.187750917273018,-1.2690127107384928,-9.523849153299139,-8.668808087051431,-13.775369566010852,6.300492230550968,-1.3360098569909904,0.36425116794711976,-12.037495324522448,12.631957741672489,-7.791921576862278,6.013718749508696,7.123042434433405,-4.733873720857283,-6.614342373855683,-4.150275619919552,9.065540511366953,-1.6500920450624255,-4.147715797513129,0.9555681274101792,-20.746755634943213,-6.642135778095071,-6.455405957146926,9.570772643061149,8.861404510312347,-10.394071906453304,-15.714721135444425,-4.350390459519825,3.9313649968357716,-4.347186575263851,-3.692873687711656,-5.1271572259126,14.107696494546522,-5.363921964680971,-9.07075835782695,-40.54893153016443,-19236.470264820266,5573497183.0545845
5,0.823464110449544,8.95451825266768,-1.0004974316226747,-2.6205877444416323,9.021616797346612,-4.354235671986788,10.737927526924949,7.2547338614688455,4.438771432603018,9.881650919429914,3.2940146192503974,17.61568865548407,-32.33850652222466,20.265805627032627,3.086814778061614,-14.399196279060796,1.0443699722160713,-7.6521775216036385,6.315311949176607,-2.639512034424357,-20.100048302753706,-1.5099677839282324,10.089828351794212,-21.648055420099393,12.636360051809042,-11.70159868807361,-8.526193356498782,-7.56093302550653,10.696035843728495,-2.094027251056391,2.3689301405865963,16.8721028837236,-30.248197240108517,-4.701991058404919,-15.481598890883271,-6.462938234596333,-25.565709936331146,-4.457972745727255,11.894612343079325,9.990814965653295,7.425567412349841,-2.2836067533251043,-9.826993629705946,-4.629457272745931,-12.782062514619625,-22.31133268137433,6.078736874859317,12.746100878813172,45.60797530869479,-22.132325087010287,-6.889299630144337,-3.0201926802148296,-18.340880265837846,31.727116733817297,9.779455316966827,10.700021046164718,-0.3794266970962461,0.9056075080439041,8.46074237611314,-27.89329697715519,-7.303444961807599,2.8945073958225267,-3.1961962767445358,19.275019618707635,-0.741311226008415,2.857651640483658,-15.025826212617599,4.595504185294426,-10.742655717970013,-20.044413406788316,-21.987930365793684,2.665065536516445,-41.16502369467299,-26.22388644339327,-2.0728547136580358,3.9645837142817255,-20.732519696898414,1.3860356432880607,-12.664502122372342,4.296278107690532,11.382325122735494,10.415827061147326,-18.459459639782647,-1.5525846376314258,-19.871498393958717,8.25160994748122,-19.673228494123823,-1.2860273736734205,-0.4010173850879095,-11.318830669071838,11.687677002885954,-2.883253304130025,-2.7619821851973034,5.591004799648947,7.688417030701667,-10.507010106630743,-0.02462588799702578,-0.17756044035904808,-6.942256224090254,-5.978958174112896,-1.9188068445925088,0.8614943159517523,11.359345857456956,2.157779751043279,-2.3799898226000504,1.954161570358018,-2.9885152600814484,6.126200953500037,10.510390370994836,-4.463366105442569,2.744403673401138,0.3344942455930883,4.510130883225371,-0.6360517816773855,0.6623607815546172,0.8589898237470307,0.12006399383608844,-3.1545464593464545,-7.571344364462763,-9.749520616601743,-10.384678777170155,13.253675394997611,14.499388466321921,-4.405979686453613,-13.611112508516163,4.411829265523364,-0.8260993334167064,12.931744853961492,21.70614722989145,-7.181604404034833,0.1156705129186466,-10.053664162141045,24.23995348649073,1.7343314607886915,3.8814408934495734,-6.99082593939225,11.622162377579356,0.7166965628497723,-1.4468413027731002,5.924969327853711,6.132543673238237,12.182183149857508,6.374228642883884,2.5327798257043215,-0.5329127617340602,4.282152445994563,-8.009545572512705,-5.448662722740371,-5.449706388889348,10.926436574184425,-3.4214017451605496,-25.65893169295774,11.921248252773058,0.3370705386516601,-21.78939153521225,-3.8626851372513693,-14.92410689124342,6.574943538763563,-9.556532161624528,-1.9890489399036648,-7.233789590909092,23.298831014942223,11.535442518984986,-0.6246317008935767,-12.139056631950412,13.187750905552816,-1.2690127088212189,-9.523849094935516,-8.668807990286995,-13.775369484624907,6.300492083256999,-1.3360098975267882,0.3642512325446706,-12.037495301558485,12.631957777483121,-7.791921584113822,6.013718762492085,7.123042447043911,-4.733873824969818,-6.614342406941294,-4.150275578012269,9.065540552901759,-1.6500919817091906,-4.147715896150291,0.9555681450176253,-20.746755608814635,-6.642135874037457,-6.455405963418924,9.570772683233088,8.861404506203296,-10.394071878707395,-15.714721179228281,-4.350390484826803,3.9313649328165776,-4.347186650259514,-3.6928736938100615,-5.127157190507806,14.107696432166158,-5.363921874595759,-9.07075834655077,-40.548931531143396,-19236.47021715586,5245885071.1882515
6,0.8234641104407753,8.95451825234542,-1.0004974316153397,-2.6205877443763925,9.021616797033936,-4.354235671816387,10.737927526371596,7.254733861256887,4.438771432459102,9.881650919058066,3.2940146191196793,17.615688654922977,-32.33850652123326,20.265805626339823,3.0868147779990567,-14.399196278625894,1.0443699722972206,-7.65217752153057,6.31531194891493,-2.6395120343153615,-20.100048302221484,-1.5099677838257486,10.089828351451349,-21.648055419433707,12.636360051388667,-11.701598687659365,-8.526193356241318,-7.560933025267313,10.696035843489716,-2.094027250861013,2.3689301405229255,16.872102883189783,-30.24819723898244,-4.701991058371628,-15.48159889039089,-6.462938234381755,-25.56570993569184,-4.45797274562448,11.894612342668104,9.990814965357409,7.425567412132651,-2.2836067532220476,-9.826993629424686,-4.629457272603701,-12.782062514091358,-22.311332680796784,6.078736874671517,12.746100878567686,45.607975307215995,-22.132325086357316,-6.889299629752575,-3.02019268022176,-18.34088026517905,31.727116733066286,9.779455316700968,10.70002104586166,-0.37942669699858905,0.9056075079097305,8.4607423758236,-27.893296976083953,-7.303444961586539,2.894507395748776,-3.1961962766517944,19.275019618135353,-0.7413112260495861,2.8576516404580006,-15.025826212054039,4.595504185092749,-10.742655717693355,-20.044413406191772,-21.98793036504094,2.665065536440522,-41.165023693138075,-26.22388644262457,-2.072854713653881,3.9645837141639313,-20.73251969608729,1.386035643121172,-12.664502122022057,4.296278107535426,11.382325122472295,10.415827060701384,-18.459459639362578,-1.5525846375222954,-19.871498393353548,8.25160994728081,-19.673228493424656,-1.2860273736153665,-0.4010173850880162,-11.318830668748605,11.687677002449202,-2.883253304154096,-2.761982185046197,5.591004799495824,7.68841703047453,-10.507010106142344,-0.02462588800465294,-0.17756044033263438,-6.942256223911176,-5.978958174012034,-1.9188068446585416,0.8614943159076315,11.359345857103433,2.1577797509866183,-2.379989822569766,1.9541615703416544,-2.9885152599535747,6.126200953321945,10.510390370663215,-4.463366105261413,2.7444036733147357,0.334494245652341,4.510130883067471,-0.6360517816270563,0.6623607814505009,0.8589898236777664,0.12006399377066924,-3.1545464592688695,-7.57134436427618,-9.74952061649759,-10.384678776935484,13.25367539463362,14.499388465924625,-4.405979686438779,-13.61111250826865,4.411829265502666,-0.8260993333735657,12.931744853464597,21.706147229366223,-7.181604403830605,0.11567051290800207,-10.053664161989856,24.239953485888314,1.7343314606821543,3.8814408932487945,-6.990825939125263,11.622162377279405,0.7166965627550228,-1.4468413028440932,5.924969327631305,6.132543672925617,12.182183149449697,6.374228642796337,2.5327798256488716,-0.5329127616825204,4.282152445830602,-8.009545572289673,-5.448662722568374,-5.449706388762271,10.926436573772413,-3.421401745071863,-25.658931692198536,11.921248252358572,0.33707053868528547,-21.78939153441445,-3.862685137165566,-14.924106890743074,6.574943538786028,-9.556532161307162,-1.9890489398630433,-7.233789590752333,23.298831014146124,11.535442518671479,-0.6246317009202946,-12.139056631640571,13.18775090514176,-1.2690127087397032,-9.523849094637564,-8.668807990097624,-13.775369484343265,6.300492083268221,-1.336009897444262,0.3642512323230741,-12.037495301308965,12.631957777130129,-7.79192158387083,6.013718762317789,7.123042446798598,-4.733873824693876,-6.614342406706653,-4.150275577918678,9.065540552532337,-1.6500919818565403,-4.147715895824592,0.9555681449798933,-20.746755608365397,-6.642135873774887,-6.455405963115545,9.57077268282445,8.861404506013494,-10.394071878435613,-15.71472117871449,-4.350390484626323,3.9313649327326203,-4.347186650049237,-3.692873693600528,-5.127157190266785,14.107696431922909,-5.363921874548052,-9.070758346295648,-40.54893153114386,-19236.470216739886,4918272960.865212
7,0.823464110441071,8.954518252345949,-1.000497431614919,-2.6205877443764307,9.0216167970339,-4.354235671816077,10.737927526369797,7.254733861256121,4.438771432458952,9.881650919056904,3.2940146191189705,17.61568865492286,-32.33850652123357,20.265805626338818,3.086814777998794,-14.399196278625935,1.0443699722973006,-7.652177521532362,6.315311948914533,-2.6395120343153233,-20.10004830222158,-1.5099677838250287,10.089828351450253,-21.648055419433295,12.636360051388376,-11.70159868765922,-8.526193356241768,-7.560933025266389,10.696035843489986,-2.0940272508605027,2.368930140523488,16.87210288318965,-30.24819723898027,-4.701991058371838,-15.481598890390599,-6.4629382343813,-25.56570993569243,-4.457972745624285,11.894612342667347,9.990814965357183,7.425567412132529,-2.2836067532219135,-9.82699362942492,-4.629457272604081,-12.782062514089906,-22.311332680797822,6.078736874671238,12.746100878569205,45.607975307214886,-22.132325086357888,-6.889299629751045,-3.0201926802219914,-18.340880265177912,31.727116733068772,9.779455316701496,10.70002104586199,-0.3794266969980981,0.9056075079088853,8.46074237582338,-27.893296976081867,-7.303444961586797,2.894507395748782,-3.1961962766522554,19.275019618134902,-0.7413112260502623,2.857651640458368,-15.02582621205425,4.595504185092253,-10.742655717693422,-20.04441340619135,-21.987930365040153,2.6650655364410714,-41.16502369313578,-26.223886442624952,-2.072854713653913,3.964583714163197,-20.73251969608554,1.3860356431203786,-12.664502122022764,4.296278107535057,11.38232512247287,10.415827060700508,-18.459459639362333,-1.5525846375221855,-19.871498393352315,8.251609947280908,-19.673228493424737,-1.286027373615565,-0.40101738508780543,-11.318830668748998,11.687677002448314,-2.8832533041546555,-2.7619821850462265,5.591004799495039,7.688417030474613,-10.507010106141088,-0.02462588800418221,-0.17756044033299037,-6.942256223911662,-5.978958174012659,-1.9188068446587363,0.861494315907991,11.359345857103417,2.1577797509867604,-2.3799898225701153,1.9541615703418354,-2.9885152599525973,6.1262009533221,10.510390370663291,-4.463366105260919,2.7444036733148245,0.33449424565307917,4.510130883067044,-0.636051781626513,0.6623607814495527,0.8589898236765007,0.12006399377050901,-3.1545464592696204,-7.571344364276286,-9.749520616498884,-10.38467877693567,13.253675394633913,14.499388465924632,-4.405979686439462,-13.611112508269152,4.4118292655032585,-0.8260993333735762,12.931744853464208,21.706147229367854,-7.1816044038307245,0.1156705129077526,-10.053664161990861,24.239953485889437,1.7343314606817393,3.881440893248894,-6.990825939125042,11.622162377279578,0.716696562754849,-1.4468413028442486,5.924969327630627,6.132543672925483,12.182183149449376,6.37422864279648,2.5327798256490803,-0.5329127616817178,4.282152445829834,-8.0095455722891,-5.448662722567261,-5.449706388762662,10.926436573772357,-3.421401745071468,-25.658931692198905,11.921248252357977,0.3370705386851256,-21.789391534414,-3.8626851371651396,-14.924106890742296,6.57494353878742,-9.556532161307194,-1.9890489398637528,-7.233789590752602,23.29883101414521,11.535442518672063,-0.6246317009200724,-12.139056631639908,13.18775090514197,-1.2690127087397225,-9.52384909463845,-8.668807990099081,-13.775369484344521,6.300492083270415,-1.3360098974436632,0.3642512323220936,-12.037495301309365,12.631957777129672,-7.791921583870764,6.013718762317624,7.12304244679842,-4.733873824692357,-6.614342406706175,-4.150275577919305,9.06554055253177,-1.6500919818575075,-4.147715895823128,0.9555681449796342,-20.746755608365905,-6.642135873773517,-6.455405963115448,9.570772682823865,8.861404506013608,-10.39407187843607,-15.714721178713914,-4.3503904846259545,3.9313649327335813,-4.347186650048175,-3.692873693600449,-5.1271571902673045,14.107696431923918,-5.363921874549392,-9.07075834629586,-40.54893153114427,-19236.47021674072,4590660850.555642
8,0.823464110445619,8.95451825239488,-1.0004974316203177,-2.6205877443907353,9.021616797083079,-4.3542356718397555,10.737927526427983,7.254733861295544,4.438771432483145,9.881650919110571,3.294014619136819,17.615688655018886,-32.33850652141003,20.265805626449144,3.08681477801559,-14.39919627870447,1.0443699723030333,-7.652177521574474,6.315311948948879,-2.6395120343297065,-20.10004830233122,-1.509967783833134,10.089828351505092,-21.64805541955129,12.636360051457212,-11.701598687723003,-8.526193356288351,-7.560933025307466,10.696035843548398,-2.094027250871808,2.368930140536495,16.87210288328165,-30.248197239144805,-4.701991058397545,-15.481598890474968,-6.462938234416472,-25.565709935831975,-4.457972745648587,11.89461234273207,9.990814965411623,7.425567412173002,-2.283606753234332,-9.826993629478554,-4.629457272629414,-12.782062514159325,-22.311332680919683,6.07873687470433,12.746100878639023,45.607975307463406,-22.13232508647869,-6.889299629788312,-3.020192680238522,-18.340880265277708,31.727116733242283,9.779455316754927,10.700021045920417,-0.3794266970000611,0.9056075079136634,8.460742375869486,-27.89329697623357,-7.3034449616266715,2.894507395764563,-3.1961962766697622,19.27501961823995,-0.7413112260544439,2.8576516404740375,-15.025826212136224,4.595504185117214,-10.742655717752017,-20.04441340630059,-21.987930365159905,2.665065536455696,-41.165023693359814,-26.22388644276804,-2.072854713665257,3.9645837141846902,-20.732519696198253,1.3860356431277578,-12.664502122091939,4.296278107558413,11.382325122535073,10.415827060757135,-18.45945963946299,-1.5525846375306276,-19.87149839346047,8.251609947325939,-19.67322849353202,-1.2860273736226049,-0.40101738508996315,-11.318830668810822,11.687677002511878,-2.8832533041705135,-2.7619821850612807,5.591004799525396,7.688417030516554,-10.507010106198134,-0.024625888004234854,-0.17756044033401827,-6.942256223949616,-5.97895817404539,-1.9188068446692734,0.8614943159127592,11.359345857165358,2.1577797509985643,-2.379989822583175,1.9541615703525337,-2.988515259968716,6.126200953355541,10.510390370720634,-4.463366105285167,2.744403673329805,0.3344942456550602,4.510130883091558,-0.6360517816298827,0.6623607814529865,0.85898982368096,0.12006399377111847,-3.154546459286962,-7.571344364317606,-9.749520616552328,-10.38467877699235,13.253675394706253,14.499388466003717,-4.405979686463652,-13.611112508343512,4.411829265527446,-0.8260993333780751,12.931744853534642,21.70614722948654,-7.181604403869925,0.11567051290834128,-10.05366416204592,24.239953486021854,1.734331460691116,3.881440893270069,-6.990825939163111,11.622162377343013,0.7166965627587062,-1.4468413028521991,5.924969327662809,6.132543672958878,12.18218314951576,6.374228642831304,2.5327798256629293,-0.5329127616844797,4.282152445853048,-8.009545572332685,-5.448662722596792,-5.449706388792458,10.92643657383193,-3.4214017450900522,-25.6589316923389,11.921248252422886,0.33707053868694936,-21.789391534532736,-3.862685137186121,-14.924106890823534,6.574943538823562,-9.5565321613593,-1.989048939874738,-7.233789590792132,23.298831014272086,11.535442518735085,-0.6246317009234573,-12.139056631706023,13.187750905213933,-1.2690127087466425,-9.523849094690549,-8.668807990146632,-13.775369484419912,6.300492083305217,-1.3360098974508412,0.36425123232387174,-12.037495301375115,12.631957777198483,-7.791921583913226,6.013718762350393,7.123042446837251,-4.733873824717877,-6.614342406742171,-4.1502755779420655,9.065540552581059,-1.6500919818667374,-4.147715895845444,0.9555681449847985,-20.746755608479177,-6.642135873809476,-6.455405963150599,9.570772682875942,8.861404506061968,-10.394071878492843,-15.7147211787995,-4.350390484649604,3.931364932755183,-4.347186650071651,-3.6928736936205313,-5.127157190295332,14.107696432001061,-5.36392187457891,-9.070758346345364,-40.54893153136583,-19236.470216845802,4263048740.246045
9,0.8234641104410153,8.954518252345844,-1.0004974316149853,-2.6205877443764107,9.02161679703389,-4.354235671816137,10.737927526370145,7.25473386125625,4.438771432458973,9.881650919057114,3.2940146191190953,17.615688654922867,-32.33850652123344,20.26580562633898,3.086814777998828,-14.39919627862589,1.0443699722972644,-7.652177521531974,6.315311948914611,-2.6395120343153358,-20.100048302221527,-1.5099677838251642,10.089828351450452,-21.648055419433334,12.636360051388415,-11.701598687659242,-8.52619335624166,-7.560933025266545,10.696035843489899,-2.094027250860623,2.3689301405233727,16.872102883189648,-30.248197238980648,-4.701991058371758,-15.481598890390632,-6.462938234381374,-25.565709935692254,-4.457972745624294,11.894612342667477,9.99081496535722,7.425567412132539,-2.28360675322194,-9.826993629424855,-4.629457272603996,-12.782062514090176,-22.311332680797584,6.078736874671273,12.746100878568875,45.60797530721503,-22.132325086357753,-6.889299629751353,-3.020192680221931,-18.340880265178118,31.727116733068225,9.779455316701382,10.700021045861906,-0.379426696998204,0.9056075079090635,8.460742375823413,-27.893296976082244,-7.303444961586739,2.894507395748775,-3.1961962766521603,19.27501961813494,-0.7413112260501278,2.857651640458281,-15.025826212054207,4.5955041850923415,-10.742655717693385,-20.04441340619139,-21.987930365040278,2.665065536440976,-41.165023693136185,-26.22388644262484,-2.072854713653889,3.964583714163333,-20.73251969608585,1.3860356431205494,-12.664502122022611,4.296278107535124,11.382325122472736,10.415827060700682,-18.45945963936231,-1.5525846375222176,-19.8714983933525,8.251609947280869,-19.673228493424713,-1.286027373615533,-0.40101738508783763,-11.3188306687489,11.687677002448476,-2.883253304154519,-2.761982185046234,5.59100479949516,7.68841703047458,-10.507010106141326,-0.024625888004269868,-0.17756044033293658,-6.942256223911555,-5.978958174012524,-1.9188068446586564,0.8614943159079295,11.359345857103401,2.1577797509867187,-2.379989822570037,1.9541615703417927,-2.9885152599527864,6.12620095332206,10.510390370663263,-4.463366105261016,2.744403673314803,0.33449424565292724,4.510130883067123,-0.6360517816266121,0.6623607814497401,0.8589898236767481,0.12006399377055091,-3.1545464592694707,-7.57134436427624,-9.749520616498597,-10.384678776935603,13.253675394633822,14.4993884659246,-4.405979686439305,-13.611112508269015,4.411829265503114,-0.8260993333735824,12.93174485346427,21.706147229367495,-7.181604403830672,0.11567051290779991,-10.053664161990625,24.239953485889163,1.734331460681826,3.881440893248882,-6.990825939125084,11.622162377279517,0.7166965627548973,-1.4468413028441982,5.924969327630751,6.13254367292553,12.18218314944942,6.374228642796414,2.532779825649035,-0.5329127616818586,4.282152445829979,-8.009545572289193,-5.448662722567444,-5.449706388762574,10.926436573772355,-3.4214017450715355,-25.658931692198784,11.921248252358069,0.33707053868513986,-21.78939153441407,-3.862685137165208,-14.92410689074243,6.574943538787118,-9.556532161307176,-1.9890489398636126,-7.233789590752522,23.29883101414536,11.535442518671926,-0.6246317009200925,-12.139056631639985,13.187750905141908,-1.2690127087397267,-9.523849094638269,-8.668807990098795,-13.77536948434423,6.300492083269968,-1.3360098974437722,0.3642512323223046,-12.037495301309246,12.63195777712973,-7.79192158387077,6.013718762317644,7.1230424467984435,-4.733873824692647,-6.614342406706248,-4.150275577919173,9.06554055253188,-1.6500919818572635,-4.147715895823428,0.9555681449796826,-20.746755608365735,-6.642135873773771,-6.4554059631154805,9.57077268282398,8.861404506013548,-10.394071878435962,-15.714721178713997,-4.350390484626023,3.9313649327333966,-4.347186650048379,-3.692873693600487,-5.127157190267222,14.10769643192367,-5.363921874549137,-9.0707583462958,-40.54893153114378,-19236.470216740476,3935436629.9330454
10,0.8234641104413477,8.95451825234892,-1.0004974316152457,-2.620587744377296,9.02161679703688,-4.354235671817515,10.737927526373333,7.254733861258511,4.438771432460422,9.881650919060162,3.2940146191200577,17.615688654928686,-32.33850652124428,20.265805626345518,3.0868147779998125,-14.399196278630695,1.0443699722976472,-7.652177521534908,6.3153119489166185,-2.6395120343161995,-20.100048302228238,-1.5099677838255248,10.089828351453592,-21.648055419440457,12.636360051392554,-11.70159868766309,-8.52619335624459,-7.560933025268889,10.69603584349353,-2.0940272508611915,2.3689301405242746,16.87210288319524,-30.24819723899026,-4.701991058373396,-15.481598890395722,-6.462938234383437,-25.56570993570089,-4.457972745625758,11.894612342671277,9.99081496536049,7.425567412134985,-2.283606753222667,-9.826993629428172,-4.62945727260562,-12.782062514094124,-22.31133268080521,6.078736874673243,12.746100878573435,45.60797530722998,-22.132325086365213,-6.889299629753321,-3.020192680222994,-18.340880265183976,31.727116733079296,9.779455316704738,10.700021045865533,-0.3794266969982206,0.9056075079091813,8.460742375826184,-27.89329697609108,-7.303444961589215,2.8945073957497405,-3.1961962766533127,19.275019618141283,-0.7413112260505142,2.857651640459315,-15.025826212059227,4.595504185093769,-10.742655717696977,-20.04441340619798,-21.987930365047426,2.6650655364419573,-41.16502369314938,-26.22388644263363,-2.0728547136546034,3.9645837141645064,-20.73251969609238,1.38603564312083,-12.664502122026956,4.296278107536474,11.382325122476646,10.415827060703949,-18.459459639368436,-1.5525846375227033,-19.871498393358873,8.251609947283642,-19.67322849343125,-1.2860273736159922,-0.4010173850879368,-11.31883066875275,11.687677002452174,-2.8832533041556156,-2.7619821850471435,5.591004799496879,7.688417030477158,-10.507010106144554,-0.024625888004191604,-0.1775604403330549,-6.942256223913964,-5.9789581740146405,-1.9188068446593725,0.8614943159082825,11.359345857107174,2.157779750987475,-2.379989822570909,1.9541615703424873,-2.9885152599535796,6.126200953324127,10.510390370666773,-4.463366105262393,2.7444036733157327,0.3344942456531939,4.5101308830685305,-0.6360517816267179,0.6623607814497644,0.8589898236767776,0.12006399377054516,-3.1545464592706645,-7.5713443642787945,-9.74952061650212,-10.38467877693911,13.2536753946383,14.499388465929432,-4.40597968644093,-13.611112508273662,4.41182926550472,-0.8260993333738528,12.931744853468484,21.706147229375052,-7.181604403833101,0.11567051290778783,-10.0536641619942,24.239953485897473,1.7343314606823128,3.881440893250181,-6.990825939127353,11.622162377283423,0.7166965627550853,-1.4468413028447313,5.924969327632582,6.132543672927512,12.182183149453405,6.374228642798589,2.5327798256499214,-0.5329127616818888,4.282152445831247,-8.00954557229175,-5.448662722569048,-5.449706388764468,10.926436573775973,-3.4214017450725955,-25.658931692207396,11.921248252361915,0.33707053868523607,-21.789391534421213,-3.86268513716641,-14.924106890747227,6.5749435387896,-9.556532161310352,-1.9890489398644184,-7.2337895907549985,23.298831014152917,11.535442518675882,-0.6246317009202718,-12.13905663164392,13.187750905146336,-1.269012708740144,-9.523849094641607,-8.668807990101959,-13.775369484349088,6.300492083272518,-1.3360098974441013,0.36425123232220524,-12.03749530131335,12.631957777133852,-7.791921583873338,6.013718762319613,7.123042446800782,-4.733873824693911,-6.61434240670836,-4.150275577920684,9.065540552534758,-1.6500919818580664,-4.1477158958244855,0.9555681449799499,-20.746755608372776,-6.642135873775703,-6.455405963117581,9.570772682827032,8.86140450601654,-10.394071878439519,-15.71472117871911,-4.350390484627389,3.9313649327348883,-4.347186650049598,-3.692873693601672,-5.127157190269005,14.107696431928595,-5.363921874551171,-9.070758346298861,-40.548931531157685,-19236.47021674708,3607824519.6234565
11,0.8234641106650363,8.954518254755433,-1.0004974318805486,-2.6205877450808504,9.021616799455908,-4.354235672982129,10.737927529234799,7.254733863197324,4.438771433649833,9.881650921699345,3.294014619997407,17.61568865965148,-32.33850652992207,20.265805631771375,3.086814778825773,-14.399196282493483,1.0443699725796223,-7.652177523605959,6.315311950605807,-2.6395120350234436,-20.100048307620455,-1.5099677842237555,10.08982835414968,-21.64805542524324,12.636360054778393,-11.701598690799708,-8.526193358535805,-7.5609330272886535,10.696035846366192,-2.0940272514167226,2.3689301411645545,16.87210288771956,-30.24819724708173,-4.70199105963799,-15.481598894545069,-6.462938236112912,-25.565709942564084,-4.457972746820739,11.894612345854286,9.990814968037748,7.425567414125428,-2.2836067538335194,-9.826993632066122,-4.629457273851386,-12.782062517507901,-22.311332686799172,6.078736876300937,12.74610088200749,45.607975319451675,-22.132325092306413,-6.889299631585717,-3.0201926810359745,-18.340880270091795,31.727116741613223,9.779455319332518,10.700021048738833,-0.379426697094708,0.9056075081435468,8.460742378093332,-27.893296983551373,-7.303444963550428,2.894507396526066,-3.196196277514721,19.275019623307543,-0.7413112262560441,2.857651641229827,-15.02582621609033,4.595504186321454,-10.74265572057896,-20.044413411570396,-21.987930370936812,2.66506553716125,-41.165023704166735,-26.223886449670733,-2.0728547142120735,3.9645837152211123,-20.73251970163551,1.3860356434837546,-12.664502125429701,4.296278108685086,11.382325125535688,10.415827063488422,-18.45945964431895,-1.5525846379376824,-19.87149839867781,8.251609949498217,-19.673228498707324,-1.2860273739623491,-0.4010173851939265,-11.318830671792885,11.68767700557798,-2.8832533049356415,-2.761982185787467,5.591004800989864,7.688417032540165,-10.507010108949931,-0.024625888006664022,-0.17756044038349292,-6.942256225780686,-5.978958175624405,-1.9188068451777782,0.8614943161425714,11.359345860153521,2.157779751568035,-2.3799898232131618,1.9541615708686624,-2.988515260745936,6.126200954968626,10.510390373486606,-4.463366106454539,2.7444036740525446,0.3344942457505472,4.510130884273987,-0.6360517817922421,0.6623607816182228,0.8589898238952713,0.12006399380054235,-3.154546460123685,-7.57134436631104,-9.74952061913064,-10.384678779726853,13.253675398196279,14.499388469818882,-4.405979687630357,-13.611112511930292,4.411829266694579,-0.8260993335952563,12.931744856932523,21.706147235212725,-7.181604405761138,0.11567051293656556,-10.053664164701772,24.239953492410326,1.7343314611432608,3.881440894291529,-6.990825940999579,11.622162380402921,0.716696562944834,-1.4468413032355,5.924969329215044,6.132543674569526,12.182183152717844,6.374228644511029,2.5327798263311756,-0.532912761817723,4.282152446972585,-8.009545574434881,-5.4486627240209105,-5.449706390229981,10.926436576705704,-3.4214017459865707,-25.65893169909299,11.921248255553877,0.3370705387749506,-21.789391540260265,-3.8626851381983913,-14.924106894742232,6.574943540567278,-9.556532163873083,-1.9890489404047218,-7.2337895926987565,23.29883102039259,11.535442521775627,-0.6246317010866393,-12.13905663489511,13.18775090868542,-1.2690127090803451,-9.523849097204081,-8.668807992440776,-13.775369488057027,6.300492084984258,-1.3360098977969461,0.36425123240931784,-12.037495304546852,12.631957780517938,-7.791921585962003,6.0137187639311245,7.1230424487100565,-4.733873825948723,-6.614342408478434,-4.150275579040098,9.06554055495915,-1.6500919823125793,-4.147715896921642,0.9555681452338447,-20.74675561394393,-6.642135875544074,-6.455405964846471,9.57077268538769,8.861404508395214,-10.394071881231747,-15.714721182928237,-4.350390485790393,3.931364933797844,-4.347186651204563,-3.6928736945897165,-5.1271571916475684,14.107696435723216,-5.363921876002336,-9.070758348733674,-40.548931542054504,-19236.470221916123,3280212409.3136535
12,0.8234641104386529,8.954518252345641,-1.0004974316184763,-2.6205877443770595,9.021616797039098,-4.354235671821523,10.7379275263938,7.254733861266756,4.438771432462314,9.881650919073076,3.294014619126779,17.615688654933635,-32.33850652124559,20.265805626358674,3.086814778002297,-14.3991962786324,1.0443699722959492,-7.652177521517524,6.3153119489223695,-2.6395120343173666,-20.10004830223049,-1.509967783832566,10.089828351465467,-21.648055419447644,12.636360051398096,-11.701598687666998,-8.526193356241645,-7.5609330252783575,10.696035843491488,-2.094027250867704,2.3689301405197414,16.8721028831991,-30.24819723901695,-4.7019910583707025,-15.481598890401365,-6.462938234388513,-25.565709935699044,-4.4579727456272185,11.894612342680597,9.990814965364603,7.42556741213743,-2.2836067532246997,-9.826993629427605,-4.629457272602306,-12.782062514110867,-22.311332680799175,6.078736874676975,12.746100878560163,45.607975307248694,-22.132325086363938,-6.8892996297699485,-3.02019268022056,-18.340880265198553,31.727116733060278,9.779455316701581,10.700021045863922,-0.37942669700358944,0.9056075079179066,8.460742375829753,-27.893296976116936,-7.303444961588114,2.894507395750241,-3.196196276649696,19.275019618148097,-0.7413112260439171,2.857651640455734,-15.025826212060815,4.595504185099454,-10.742655717698117,-20.044413406205127,-21.987930365059242,2.6650655364379117,-41.16502369318008,-26.22388644263455,-2.0728547136534523,3.9645837141719347,-20.732519696113552,1.3860356431299243,-12.664502122023109,4.296278107540923,11.382325122472395,10.41582706071494,-18.459459639372096,-1.5525846375244263,-19.871498393373113,8.251609947283642,-19.673228493435154,-1.286027373614785,-0.40101738508957346,-11.318830668750392,11.687677002463166,-2.883253304149372,-2.7619821850480974,5.591004799504424,7.688417030477581,-10.507010106159122,-0.024625888008328337,-0.17756044033027624,-6.942256223910407,-5.978958174009503,-1.9188068446559075,0.8614943159052093,11.359345857109474,2.1577797509860157,-2.3799898225673863,1.9541615703407598,-2.988515259963315,6.126200953323787,10.510390370667752,-4.463366105268161,2.744403673315469,0.33449424564559577,4.510130883073538,-0.6360517816319075,0.6623607814591091,0.8589898236888647,0.1200639937727853,-3.1545464592642642,-7.571344364278547,-9.749520616490157,-10.384678776938406,13.25367539463736,14.499388465931354,-4.405979686433965,-13.611112508269983,4.4118292654988815,-0.8260993333741643,12.93174485347512,21.706147229362855,-7.181604403832465,0.11567051291006633,-10.053664161984813,24.239953485890123,1.734331460686849,3.881440893250564,-6.990825939131356,11.622162377283113,0.7166965627577062,-1.4468413028422482,5.924969327640295,6.132543672931396,12.182183149458469,6.3742286427968615,2.5327798256484075,-0.5329127616890884,4.282152445839189,-8.009545572298247,-5.448662722579538,-5.4497063887615464,10.926436573778732,-3.4214017450768694,-25.6589316922082,11.92124825236943,0.33707053868598524,-21.78939153443008,-3.8626851371710975,-14.924106890757617,6.574943538776471,-9.556532161312425,-1.98904893985793,-7.2337895907526475,23.298831014166264,11.535442518672037,-0.6246317009215412,-12.139056631650641,13.187750905146615,-1.2690127087405327,-9.523849094635152,-8.668807990089675,-13.775369484338176,6.300492083251667,-1.3360098974498364,0.36425123233289747,-12.037495301310472,12.631957777139952,-7.791921583875892,6.0137187623220765,7.123042446803228,-4.733873824709631,-6.614342406713488,-4.150275577915112,9.06554055254341,-1.650091981846336,-4.147715895840568,0.9555681449825197,-20.746755608369636,-6.642135873789986,-6.455405963121232,9.570772682835036,8.861404506016079,-10.394071878436842,-15.714721178727547,-4.350390484631974,3.931364932727016,-4.347186650061361,-3.6928736936047346,-5.127157190266491,14.107696431920164,-5.363921874539589,-9.070758346298467,-40.5489315311432,-19236.47021674071,2952600298.8364854
13,0.8234641104032658,8.954518251939238,-1.0004974315700919,-2.6205877442575263,9.021616796625066,-4.354235671619256,10.737927525886194,7.2547338609284635,4.438771432257947,9.88165091861088,3.2940146189707002,17.615688654124696,-32.338506519767016,20.265805625421844,3.0868147778592108,-14.399196277973111,1.0443699722496587,-7.6521775211823515,6.3153119486290565,-2.6395120341958003,-20.10004830131029,-1.5099677837577292,10.089828350994628,-21.648055418452618,12.636360050816158,-11.701598687129126,-8.52619335585454,-7.560933024925058,10.696035843004513,-2.094027250766607,2.3689301404152667,16.872102882425043,-30.248197237612793,-4.7019910581581295,-15.481598889689351,-6.462938234089023,-25.565709934532542,-4.457972745422332,11.894612342129419,9.99081496490473,7.425567411796142,-2.283606753118674,-9.826993628979094,-4.629457272393545,-12.78206251351297,-22.311332679784822,6.078736874396148,12.746100877988843,45.6079753051494,-22.132325085353813,-6.8892996294413695,-3.0201926800846057,-18.34088026434848,31.727116731626513,9.779455316257394,10.700021045376396,-0.3794266969817895,0.9056075078692805,8.460742375440232,-27.89329697482106,-7.303444961255344,2.894507395617582,-3.196196276506668,19.2750196172618,-0.7413112260155311,2.857651640328152,-15.025826211372971,4.595504184884766,-10.742655717206363,-20.044413405283407,-21.98793036404484,2.665065536319504,-41.16502369127381,-26.223886441435667,-2.0728547135597144,3.9645837139846405,-20.73251969514873,1.386035643059038,-12.664502121447681,4.2962781073409415,11.382325121955892,10.415827060229923,-18.4594596385257,-1.5525846374520471,-19.87149839245341,8.251609946906651,-19.673228492533067,-1.2860273735570262,-0.4010173850698969,-11.318830668235213,11.68767700192005,-2.8832533040228356,-2.761982184921106,5.591004799242727,7.688417030125951,-10.507010105666968,-0.024625888003783833,-0.1775604403244622,-6.942256223596183,-5.978958173740608,-1.918806844571133,0.8614943158683959,11.359345856588577,2.157779750888645,-2.379989822461579,1.9541615702529151,-2.9885152598186937,6.126200953044176,10.510390370186737,-4.4633661050594515,2.744403673190299,0.3344942456366241,4.510130882863325,-0.6360517815985394,0.6623607814210858,0.8589898236395977,0.12006399376543071,-3.1545464591254477,-7.571344363932836,-9.749520616054669,-10.38467877646454,13.253675394032607,14.499388465267309,-4.40597968623846,-13.611112507651193,4.411829265302176,-0.8260993333361578,12.931744852878765,21.70614722838127,-7.181604403504883,0.11567051290288896,-10.053664161533286,24.239953484788746,1.73433146060384,3.8814408930728934,-6.99082593880863,11.622162376752382,0.7166965627227742,-1.4468413027782248,5.924969327363192,6.132543672647974,12.182183148897689,6.374228642507082,2.5327798255339484,-0.5329127616587613,4.282152445636953,-8.009545571926923,-5.4486627223219,-5.4497063885149855,10.926436573277222,-3.4214017449170093,-25.658931691035225,11.921248251818525,0.3370705386699722,-21.789391533427185,-3.8626851369907382,-14.924106890067138,6.5749435384869965,-9.55653216087408,-1.9890489397724382,-7.2337895904241085,23.298831013090698,11.535442518148201,-0.6246317008919579,-12.139056631090462,13.187750904543858,-1.269012708682223,-9.523849094205369,-8.668807989703813,-13.775369483717872,6.300492082981128,-1.3360098973840357,0.36425123230734985,-12.037495300762906,12.631957776557766,-7.791921583517771,6.013718762045277,7.123042446475756,-4.73387382448029,-6.614342406407033,-4.15027557773012,9.065540552122027,-1.6500919817807043,-4.147715895637696,0.9555681449367277,-20.746755607424383,-6.642135873474667,-6.455405962823253,9.570772682391109,8.861404505611608,-10.394071877964178,-15.714721178002563,-4.350390484429398,3.9313649325539313,-4.347186649852983,-3.6928736934334574,-5.127157190034314,14.107696431282625,-5.363921874304144,-9.070758345884364,-40.54893152930279,-19236.470215867135,2624988188.526889
14,0.8234641104414578,8.954518252345782,-1.0004974316142952,-2.6205877443762553,9.02161679703279,-4.354235671815051,10.737927526365498,7.254733861254151,4.438771432458279,9.881650919053941,3.2940146191175836,17.615688654920593,-32.338506521230734,20.26580562633497,3.0868147779981254,-14.39919627862448,1.0443699722974988,-7.652177521534647,6.315311948913055,-2.6395120343149165,-20.10004830221957,-1.5099677838237362,10.089828351447455,-21.648055419430346,12.636360051386427,-11.701598687657615,-8.526193356241563,-7.560933025264196,10.696035843489465,-2.094027250859249,2.368930140524046,16.87210288318764,-30.248197238973358,-4.701991058371898,-15.481598890388401,-6.462938234379928,-25.565709935690666,-4.457972745623681,11.894612342664823,9.990814965355685,7.425567412131518,-2.2836067532213855,-9.826993629424207,-4.629457272604266,-12.782062514086066,-22.311332680797015,6.0787368746701125,12.746100878570388,45.607975307208065,-22.1323250863563,-6.889299629747714,-3.020192680222153,-18.34088026517399,31.727116733069376,9.779455316701235,10.700021045861389,-0.3794266969971706,0.9056075079073599,8.460742375822099,-27.893296976075284,-7.303444961586394,2.894507395748463,-3.1961962766525875,19.27501961813219,-0.7413112260512965,2.8576516404587404,-15.025826212052781,4.59550418509093,-10.742655717692358,-20.04441340618853,-21.98793036503639,2.6650655364415354,-41.16502369312731,-26.223886442622675,-2.0728547136539457,3.9645837141616407,-20.732519696080317,1.3860356431187402,-12.664502122022366,4.296278107533962,11.38232512247266,10.415827060697824,-18.45945963936022,-1.5525846375217787,-19.871498393348315,8.25160994728024,-19.673228493422485,-1.2860273736156616,-0.4010173850875005,-11.318830668748477,11.687677002445527,-2.8832533041554655,-2.761982185045848,5.591004799493321,7.688417030473917,-10.5070101061378,-0.0246258880034928,-0.17756044033344084,-6.9422562239116905,-5.978958174013031,-1.9188068446591564,0.8614943159084378,11.359345857102111,2.1577797509868275,-2.379989822570516,1.9541615703419675,-2.9885152599507316,6.1262009533216615,10.510390370662279,-4.463366105259593,2.744403673314645,0.33449424565431335,4.510130883065843,-0.6360517816255907,0.662360781447938,0.8589898236744218,0.12006399377012589,-3.1545464592704295,-7.571344364275705,-9.749520616500096,-10.384678776934939,13.253675394632989,14.499388465923133,-4.4059796864402685,-13.611112508268665,4.411829265503871,-0.8260993333734588,12.931744853462051,21.70614722936812,-7.181604403830245,0.11567051290736544,-10.053664161991614,24.239953485888687,1.7343314606808429,3.8814408932485147,-6.990825939123805,11.622162377278695,0.7166965627543517,-1.4468413028445455,5.924969327628857,6.132543672924342,12.182183149447543,6.374228642796252,2.532779825649126,-0.5329127616804646,4.282152445828158,-8.009545572287365,-5.448662722565066,-5.449706388762704,10.926436573771008,-3.421401745070475,-25.658931692196674,11.921248252355756,0.3370705386849688,-21.789391534410754,-3.862685137164029,-14.924106890739349,6.574943538789077,-9.556532161306064,-1.9890489398646791,-7.2337895907524095,23.298831014141083,11.53544251867177,-0.6246317009198125,-12.139056631637798,13.187750905140856,-1.269012708739558,-9.523849094638754,-8.66880799010043,-13.775369484345227,6.300492083273402,-1.3360098974425942,0.36425123232027723,-12.037495301308864,12.631957777127628,-7.791921583869692,6.013718762316723,7.123042446797446,-4.733873824689347,-6.614342406704788,-4.150275577919898,9.065540552529571,-1.6500919818593263,-4.147715895820107,0.9555681449791295,-20.74675560836474,-6.6421358737705845,-6.455405963114308,9.57077268282175,8.861404506012962,-10.394071878435675,-15.71472117871122,-4.3503904846248345,3.9313649327345717,-4.347186650045842,-3.6928736935996342,-5.12715719026731,14.107696431924172,-5.363921874550902,-9.070758346295186,-40.54893153114338,-19236.470216740203,2297376078.245577
15,0.8234641104410709,8.954518252345931,-1.0004974316149244,-2.620587744376421,9.021616797033861,-4.354235671816066,10.737927526369754,7.254733861256091,4.4387714324589504,9.881650919056863,3.294014619118956,17.615688654922796,-32.3385065212335,20.265805626338754,3.0868147779987827,-14.399196278625885,1.0443699722973037,-7.652177521532352,6.315311948914509,-2.6395120343153216,-20.100048302221516,-1.509967783825023,10.089828351450238,-21.64805541943322,12.636360051388316,-11.701598687659187,-8.526193356241734,-7.560933025266364,10.696035843489968,-2.0940272508605,2.368930140523464,16.872102883189612,-30.24819723898016,-4.70199105837182,-15.481598890390542,-6.462938234381284,-25.565709935692336,-4.45797274562427,11.894612342667306,9.990814965357158,7.425567412132502,-2.2836067532219015,-9.826993629424887,-4.629457272604072,-12.782062514089857,-22.31133268079774,6.078736874671205,12.74610087856917,45.607975307214744,-22.132325086357824,-6.889299629751032,-3.0201926802219843,-18.34088026517785,31.727116733068666,9.779455316701467,10.70002104586196,-0.37942669699809733,0.9056075079088949,8.460742375823363,-27.89329697608177,-7.303444961586771,2.8945073957487666,-3.1961962766522385,19.275019618134838,-0.7413112260502686,2.857651640458359,-15.025826212054207,4.595504185092231,-10.742655717693374,-20.044413406191282,-21.987930365040082,2.665065536441063,-41.16502369313564,-26.223886442624867,-2.072854713653922,3.9645837141631866,-20.732519696085454,1.386035643120368,-12.664502122022713,4.296278107535042,11.382325122472839,10.415827060700481,-18.45945963936227,-1.552584637522185,-19.871498393352237,8.251609947280887,-19.673228493424684,-1.286027373615564,-0.4010173850878023,-11.318830668748978,11.687677002448279,-2.8832533041546475,-2.761982185046222,5.591004799495009,7.688417030474585,-10.507010106141047,-0.024625888004189158,-0.17756044033299914,-6.942256223911643,-5.978958174012644,-1.9188068446587263,0.8614943159080036,11.359345857103374,2.15777975098675,-2.3799898225701113,1.9541615703418294,-2.9885152599526004,6.126200953322079,10.51039037066327,-4.463366105260912,2.7444036733148134,0.33449424565309066,4.510130883067031,-0.6360517816265069,0.6623607814495535,0.8589898236765072,0.12006399377050452,-3.1545464592696084,-7.57134436427626,-9.749520616498863,-10.384678776935631,13.253675394633866,14.499388465924586,-4.405979686439469,-13.611112508269123,4.411829265503243,-0.8260993333735779,12.931744853464163,21.70614722936778,-7.181604403830694,0.11567051290775196,-10.053664161990847,24.239953485889348,1.7343314606817366,3.881440893248887,-6.990825939125017,11.622162377279546,0.7166965627548473,-1.446841302844251,5.924969327630603,6.132543672925469,12.182183149449347,6.374228642796461,2.532779825649073,-0.5329127616817126,4.282152445829829,-8.009545572289083,-5.448662722567239,-5.449706388762648,10.926436573772326,-3.4214017450714524,-25.65893169219882,11.921248252357936,0.33707053868512626,-21.789391534413937,-3.862685137165118,-14.924106890742245,6.5749435387874,-9.556532161307155,-1.9890489398637534,-7.233789590752584,23.29883101414513,11.535442518672024,-0.6246317009200627,-12.139056631639859,13.187750905141934,-1.2690127087397212,-9.523849094638418,-8.668807990099063,-13.775369484344484,6.3004920832704085,-1.3360098974436607,0.36425123232208323,-12.03749530130933,12.631957777129633,-7.791921583870736,6.0137187623176045,7.123042446798416,-4.733873824692333,-6.61434240670616,-4.150275577919296,9.06554055253172,-1.6500919818575026,-4.1477158958231035,0.9555681449796316,-20.746755608365834,-6.642135873773485,-6.455405963115424,9.570772682823847,8.86140450601357,-10.394071878436035,-15.714721178713862,-4.3503904846259385,3.9313649327335702,-4.3471866500481395,-3.692873693600432,-5.127157190267286,14.107696431923864,-5.363921874549395,-9.070758346295827,-40.54893153114408,-19236.47021674064,1969763967.9359965
16,0.8234641104420243,8.95451825235617,-1.0004974316160515,-2.620587744379416,9.021616797044162,-4.35423567182102,10.737927526381938,7.254733861264349,4.438771432464008,9.881650919068104,3.294014619122696,17.615688654942904,-32.33850652127043,20.265805626361853,3.0868147780022994,-14.399196278642325,1.0443699722985047,-7.652177521541163,6.3153119489217,-2.6395120343183316,-20.100048302244474,-1.5099677838267227,10.08982835146171,-21.648055419457936,12.636360051402745,-11.70159868767254,-8.526193356251493,-7.560933025274964,10.696035843502191,-2.094027250862862,2.368930140526192,16.872102883208868,-30.248197239014615,-4.701991058377204,-15.481598890408211,-6.462938234388646,-25.565709935721564,-4.457972745629357,11.89461234268086,9.990814965368553,7.425567412140978,-2.283606753224504,-9.826993629436116,-4.629457272609375,-12.782062514104394,-22.31133268082326,6.07873687467814,12.74610087858379,45.60797530726678,-22.13232508638312,-6.889299629758828,-3.0201926802254455,-18.34088026519875,31.727116733105003,9.779455316712655,10.70002104587419,-0.3794266969985061,0.9056075079098873,8.46074237583301,-27.89329697611354,-7.30344496159512,2.894507395752074,-3.1961962766559067,19.275019618156836,-0.7413112260511395,2.8576516404616403,-15.025826212071374,4.595504185097461,-10.742655717705654,-20.044413406214158,-21.987930365065157,2.6650655364441285,-41.16502369318255,-26.22388644265483,-2.0728547136562923,3.964583714167688,-20.732519696109062,1.3860356431219132,-12.6645021220372,4.296278107539934,11.382325122485867,10.415827060712333,-18.45945963938335,-1.552584637523953,-19.87149839337489,8.251609947290314,-19.673228493447144,-1.286027373617037,-0.40101738508825596,-11.318830668761914,11.687677002461584,-2.883253304157968,-2.76198218504937,5.59100479950137,7.688417030483368,-10.507010106152993,-0.024625888004196492,-0.1775604403332109,-6.9422562239195855,-5.978958174019497,-1.9188068446609337,0.8614943159089937,11.359345857116349,2.1577797509892207,-2.3799898225728473,1.9541615703440725,-2.9885152599559643,6.126200953329082,10.51039037067527,-4.463366105265986,2.7444036733179518,0.3344942456534953,4.510130883072165,-0.6360517816272138,0.662360781450269,0.8589898236774378,0.12006399377063165,-3.154546459273244,-7.571344364284912,-9.74952061651005,-10.384678776947506,13.253675394649015,14.49938846594115,-4.405979686444526,-13.61111250828469,4.411829265508305,-0.8260993333745209,12.931744853478909,21.706147229392634,-7.181604403838903,0.11567051290787658,-10.053664162002367,24.239953485917084,1.7343314606837001,3.8814408932533175,-6.99082593913299,11.62216237729283,0.7166965627556566,-1.446841302845915,5.924969327637341,6.132543672932462,12.182183149463244,6.374228642803752,2.5327798256519722,-0.5329127616822877,4.282152445834685,-8.009545572298203,-5.448662722573421,-5.4497063887688855,10.9264365737848,-3.4214017450753476,-25.658931692228133,11.92124825237153,0.3370705386855088,-21.789391534438796,-3.8626851371695134,-14.92410689075926,6.574943538794972,-9.55653216131807,-1.9890489398660478,-7.233789590760861,23.298831014171704,11.535442518685224,-0.624631700920774,-12.139056631653709,13.187750905157,-1.26901270874117,-9.523849094649329,-8.668807990109022,-13.775369484360267,6.3004920832776925,-1.3360098974451624,0.36425123232245554,-12.037495301323093,12.63195777714404,-7.791921583879626,6.013718762324467,7.123042446806537,-4.733873824697679,-6.614342406713694,-4.150275577924059,9.065540552542044,-1.6500919818594315,-4.147715895827781,0.9555681449807123,-20.74675560838956,-6.642135873781018,-6.455405963122783,9.570772682834741,8.861404506023696,-10.394071878447924,-15.714721178731782,-4.350390484630889,3.9313649327380884,-4.347186650053064,-3.6928736936046422,-5.127157190273155,14.10769643194002,-5.363921874555572,-9.070758346306194,-40.548931531190526,-19236.470216762656,1642151857.6264021
17,0.82346411023111,8.95451825008724,-1.0004974313659405,-2.6205877437160923,9.021616794763464,-4.354235670723024,10.737927523684192,7.254733859436439,4.438771431342621,9.881650916579897,3.2940146182955456,17.61568865049019,-32.33850651308885,20.265805621246304,3.08681477722358,-14.399196275000419,1.0443699720326436,-7.652177519588457,6.315311947329132,-2.639512033651537,-20.100048297160583,-1.5099677834513,10.089828348919848,-21.64805541398698,12.636360048210523,-11.701598684715295,-8.526193354091273,-7.560933023370735,10.696035840793781,-2.094027250339143,2.368930139922495,16.872102878943267,-30.24819723138595,-4.701991057184898,-15.481598886496144,-6.462938232758089,-25.565709929250787,-4.457972744502712,11.894612339679899,9.990814962844404,7.425567410264355,-2.2836067526485904,-9.826993626949003,-4.6294572714348154,-12.782062510885897,-22.311332675171997,6.078736873143537,12.746100875346025,45.60797529574401,-22.132325080781634,-6.889299628031292,-3.020192679458936,-18.340880260571623,31.72711672505894,9.779455314235118,10.700021043165174,-0.37942669690756453,0.9056075076889737,8.46074237369551,-27.89329696907995,-7.3034449597460425,2.894507395020138,-3.196196275843735,19.275019613286016,-0.7413112258573321,2.8576516397351672,-15.025826208270777,4.595504183940003,-10.74265571498846,-20.04441340114897,-21.98793035951259,2.665065535765943,-41.165023682795315,-26.22388643602011,-2.0728547131306927,3.9645837131715314,-20.73251969088299,1.3860356427797882,-12.664502118828999,4.296278106457026,11.382325119601711,10.415827058087137,-18.459459634715916,-1.5525846371327132,-19.871498388360155,8.251609945202366,-19.673228488472777,-1.2860273732904808,-0.40101738498833395,-11.31883066589561,11.68767699951457,-2.8832533034225065,-2.761982184351382,5.591004798093789,7.6884170285383275,-10.507010103508101,-0.02462588800187969,-0.17756044028564397,-6.942256222159584,-5.978958172501753,-1.918806844172146,0.8614943156880924,11.3593458542442,2.1577797504418474,-2.3799898219672917,1.954161569847969,-2.9885152592089628,6.126200951778613,10.510390368016685,-4.463366104142038,2.74440367262327,0.33449424556167423,4.51013088193567,-0.636051781471175,0.662360781291497,0.8589898234715054,0.12006399374236137,-3.1545464584689706,-7.5713443623688645,-9.749520614031772,-10.384678774319152,13.253675391294472,14.499388462274101,-4.4059796853230795,-13.61111250483713,4.411829264386449,-0.826099333165778,12.931744850212977,21.706147223888685,-7.181604402021103,0.11567051288076037,-10.05366415944957,24.23995347977658,1.7343314602491333,3.8814408922715224,-6.990825937367841,11.622162374351708,0.7166965625767749,-1.4468413024774767,5.924969326145406,6.132543671384364,12.182183146385492,6.37422864118922,2.5327798250096616,-0.5329127615542486,4.282152444758648,-8.00954557027765,-5.448662721204639,-5.449706387387157,10.926436571022611,-3.4214017442136533,-25.658931685736256,11.921248249362122,0.3370705386009291,-21.789391528933674,-3.8626851361965606,-14.924106886992739,6.5749435371188785,-9.556532158901886,-1.989048939356605,-7.233789588928232,23.29883100828887,11.535442515762703,-0.6246317007639285,-12.13905662858846,13.187750901820284,-1.2690127084204241,-9.523849092233347,-8.668807987903879,-13.775369480864292,6.30049208166373,-1.3360098971125265,0.36425123224037986,-12.037495298274472,12.631957773953488,-7.791921581910406,6.01371876080511,7.123042445006452,-4.7338738235146955,-6.614342405044867,-4.150275576868622,9.065540550256332,-1.650091981430835,-4.147715894793446,0.9555681447413488,-20.74675560313694,-6.642135872113829,-6.455405961492772,9.57077268042055,8.861404503781026,-10.394071875815332,-15.714721174763374,-4.350390483534413,3.9313649317358705,-4.347186648964194,-3.692873692673103,-5.1271571889734044,14.107696428362319,-5.36392187318735,-9.070758344010601,-40.54893152091663,-19236.470211889125,1314539747.3160949
18,0.8234640326556942,8.954517415493982,-1.000497339358606,-2.6205874997199263,9.021615955826602,-4.354235266826177,10.73792653129547,7.254733187038201,4.438771018847287,9.881650001287127,3.2940143140216267,17.615687012587603,-32.33850350357778,20.265803739512947,3.08681449077214,-14.399194935357675,1.04436987424401,-7.652176801347557,6.315311361503612,-2.639511788375582,-20.100046427097386,-1.5099676453391506,10.0898274138934,-21.648053401538146,12.636358873971723,-11.701597596914405,-8.526192559484198,-7.560932322896286,10.696034844538614,-2.0940270576760662,2.368929917868079,16.872101309875955,-30.248194425194537,-4.7019906186143,-15.481597447468033,-6.462937632962459,-25.56570754904668,-4.457972330075132,11.89461123578497,9.99081403435149,7.42556671996205,-2.2836065407991306,-9.82699271209029,-4.629456839394882,-12.782061326954466,-22.311330596423605,6.078736308645429,12.74609968440028,45.607971057165116,-22.132323020336077,-6.889298992534444,-3.0201923975124325,-18.340878558495973,31.727113765442642,9.779454402906097,10.700020046685731,-0.37942666344225545,0.9056074264071431,8.46074158742991,-27.893294381785374,-7.303444279584766,2.8945071257829116,-3.1961959771034594,19.275017821587674,-0.7413111545821541,2.8576513725193338,-15.02582481025878,4.595503758167319,-10.742654715494199,-20.044411537952797,-21.98792831702771,2.665065286312557,-41.16501986188439,-26.223883995505155,-2.0728545197999773,3.964583346727712,-20.73251776847534,1.3860355169091236,-12.664500938730642,4.296277708109267,11.382324058706198,10.415826092408025,-18.459457917840503,-1.5525844932170463,-19.87149654370681,8.251609177171948,-19.67322665869468,-1.2860272531730126,-0.4010173482292097,-11.318829611560313,11.687675915458104,-2.8832530329062616,-2.761981927601438,5.591004280312024,7.688416313072671,-10.507009130575787,-0.02462588713966837,-0.17756042279474385,-6.942255574768753,-5.978957614227487,-1.9188066643856128,0.8614942344394089,11.359344797747893,2.1577795490987106,-2.3799895992301345,1.9541613873668047,-2.9885149844096768,6.126200381455652,10.510389390080721,-4.463365690696415,2.7444034170921303,0.3344942118046238,4.510130463875413,-0.6360517240617231,0.6623607228660457,0.8589897476922209,0.1200639833376798,-3.1545461626424314,-7.571343657570068,-9.749519702451384,-10.384677807508128,13.253674157362262,14.49938711338451,-4.405979272827725,-13.611111236695821,4.411828851734932,-0.8260992563821329,12.931743648857136,21.706145199345023,-7.1816037333620235,0.11567050290165344,-10.053663220451366,24.239951221071514,1.734331300388085,3.8814405311276237,-6.990825288065531,11.622161292492384,0.7166964967711332,-1.4468411669579815,5.9249687773313084,6.132543101923852,12.182182014255169,6.374228047305416,2.532779588745638,-0.532912714439534,4.2821520489303975,-8.009544827021376,-5.448662217687348,-5.4497058791388495,10.926435554974342,-3.4214014272383495,-25.65892929776299,11.921247142364768,0.3370705074879044,-21.789389503906392,-3.8626847782921296,-14.924105501492427,6.57494292061609,-9.556531270126449,-1.9890487519802045,-7.233788914822172,23.298828844318187,11.535441440752624,-0.624631643067552,-12.139055501050471,13.187749674442026,-1.2690125904367942,-9.523848203554127,-8.66880717679662,-13.775368194932541,6.3004914880351715,-1.336009774741552,0.3642512020236429,-12.037494176875025,12.631956600324065,-7.79192085754533,6.013718201919737,7.1230417828599,-4.7338733883279325,-6.6143417911730715,-4.150275188650385,9.065539709453432,-1.6500918238037896,-4.147715514284907,0.9555680566875183,-20.746753671023537,-6.642135258820085,-6.455405361899514,9.570771792365214,8.861403678835782,-10.394070907449704,-15.71471971500281,-4.350390080195813,3.9313645630984437,-4.3471862484040535,-3.692873350007103,-5.1271567108809535,14.107695112360625,-5.363921369928739,-9.070757499599488,-40.548927741813195,-19236.468419229117,986927637.1635847
19,0.8234771326103901,8.954658338061796,-1.0005128731485127,-2.620628698543669,9.021757609032157,-4.354303462708168,10.738094085598567,7.254846717186476,4.438840667651237,9.88180454177074,3.2940656872181626,17.615963569622952,-32.339011658276036,20.266121463182166,3.086862856788027,-14.399421132918322,1.044386386694041,-7.6522980849672555,6.315410275124711,-2.639553202583303,-20.100362185766528,-1.5099909619911611,10.089985286927961,-21.648393199508863,12.636557141168405,-11.701781269912681,-8.526326730221953,-7.5610505930874465,10.69620306306407,-2.0940595855110256,2.368967413999071,16.872366244637156,-30.248668236592454,-4.702064672534659,-15.481840424235731,-6.463038905773704,-25.566109446984115,-4.458042305354864,11.89479762352437,9.990970808124946,7.425683276138465,-2.283642310512178,-9.827147186092002,-4.629529790929226,-12.78226122508678,-22.311681595738328,6.078831622154599,12.746300782065012,45.608686730937485,-22.13267092681344,-6.889406287654071,-3.0202400053558915,-18.341165946275147,31.727613505688108,9.779608282229201,10.700188302861736,-0.3794323113415205,0.9056211464214836,8.460874346419843,-27.89373123291604,-7.303559125241888,2.8945525861830763,-3.1962464211660824,19.275320346057924,-0.7413231927129169,2.8576964936723863,-15.026060863512729,4.595575646931282,-10.742823479330061,-20.04472613465354,-21.988273184233464,2.6651074085122692,-41.1656650064471,-26.224296075519927,-2.072887164236659,3.964645216944263,-20.73284235594262,1.386056765552483,-12.664700200054137,4.2963449668034945,11.38250319285707,10.41598914158415,-18.45974781007416,-1.5526087924762122,-19.87180800587487,8.251738858959019,-19.673535614402702,-1.2860475355934369,-0.4010235541735456,-11.31900763706329,11.687858952629261,-2.8832987126760203,-2.7620252792981197,5.591091703849067,7.688537119095476,-10.507173402649594,-0.02462603063501369,-0.17756337753693976,-6.942364888383302,-5.979051881325283,-1.9188370230568348,0.8615079548156743,11.359523185784138,2.1578135465866026,-2.3800272101363387,1.9541922001478762,-2.988561379299386,6.126296680548131,10.510554513884584,-4.46343549799689,2.744446563608509,0.3344999155154602,4.510201050740037,-0.6360614150158639,0.6623705832715099,0.8590025369061056,0.12006573903624605,-3.154596116130335,-7.5714626628339055,-9.749673628668308,-10.38484105371771,13.253882507053572,14.499614872159091,-4.406048926104623,-13.611325363967989,4.41189853081564,-0.8261122211268466,12.931946494206187,21.706487049309178,-7.181716636640123,0.11567218672073173,-10.053821774857083,24.24033260669324,1.734358290603117,3.881501510010219,-6.990934920612027,11.622343964388921,0.7167076067155648,-1.446864050652343,5.925061440590218,6.132639253258028,12.182373171682624,6.374328325343536,2.532819482643715,-0.5329206661127862,4.282218880444019,-8.009670322416357,-5.4487472311831775,-5.449791698241966,10.926607113133898,-3.421454946298484,-25.659332506184974,11.92143405485881,0.3370757605378249,-21.78973142488889,-3.862745208018319,-14.924339437705529,6.575047023627819,-9.556681338639377,-1.989080393729333,-7.233902738687106,23.299194223605152,11.535622957941307,-0.6246413844477317,-12.139245882224598,13.18795691688395,-1.2690325117537915,-9.523998260127975,-8.668944138308293,-13.775585329774092,6.300591732639747,-1.3360304341579834,0.36425629871130216,-12.037683526407422,12.63215476433994,-7.792043165157793,6.013812568362436,7.123153584942263,-4.733946861586441,-6.614445440716927,-4.150340742039606,9.065681674485209,-1.6501184450231303,-4.147779754954868,0.955582923261877,-20.747079909580098,-6.642238806133069,-6.455506601262439,9.570921736290021,8.861542970914742,-10.394234417146317,-15.714966191027747,-4.350458181522911,3.9314268114340036,-4.3472538769638875,-3.6929312075462724,-5.127237437970967,14.107917323250259,-5.364006350904383,-9.070900078450268,-40.5495658500263,-19236.771112748196,659315585.0545106
20,0.8289023561939268,9.013025289449006,-1.0069473431330578,-2.6376924689566845,9.08042828838143,-4.382549788907248,10.807496222616164,7.301870543759742,4.46768834060417,9.945815060986428,3.315344906480362,17.730509559270605,-32.54948053372164,20.39771959543179,3.1068956989223016,-14.493108470569712,1.0512252055300475,-7.702528085301684,6.356379693502318,-2.6567064641087423,-20.23114424962366,-1.5196497253107588,10.155375879654844,-21.789132907568884,12.718676995793064,-11.777856137469625,-8.58189726211475,-7.610037908957534,10.765875762188688,-2.1075333487530465,2.3844967293175445,16.98209827618907,-30.444917854408523,-4.732735941634146,-15.58247820643562,-6.504985322803739,-25.732568030380115,-4.487025112501629,11.971997981499776,10.05590453784824,7.473959258873409,-2.29845789828832,-9.891127448015379,-4.659744345801926,-12.865058847908317,-22.457058030855855,6.118309531705793,12.829589166816568,45.905109820045766,-22.27676732552533,-6.933849369809169,-3.0399578329132435,-18.46019978216122,31.934593161198013,9.84334171555451,10.769876683678078,-0.38177265439216396,0.9113054932053567,8.51586147309602,-28.074672398832917,-7.351125925370895,2.9133815742891294,-3.2171387222226246,19.400621962312755,-0.746307839799288,2.8763841468707816,-15.12383023091214,4.625351838640315,-10.812722680204502,-20.175027920419463,-22.131113415588054,2.682552855367319,-41.43287857536043,-26.394972452240722,-2.0864076743534468,3.990272256734626,-20.86728497001432,1.3948594113925035,-12.747229908750125,4.324203216385086,11.456696503672239,10.483523421599434,-18.57981674037455,-1.5626734610564819,-20.000812955128136,8.305450741814841,-19.801500344614,-1.294447908591158,-0.40359427607663423,-11.392742147625935,11.763671903533597,-2.9022171972753052,-2.779980971458675,5.627302498234597,7.738572904467186,-10.57521490700487,-0.02468629908531795,-0.1787866163998523,-6.987639918874621,-6.018094593723596,-1.9314103436788415,0.8671900691157657,11.433408792675033,2.171894404654412,-2.3956042649784353,1.9669539559961864,-3.0077792806172585,6.166181978669835,10.578946045172522,-4.492349600831129,2.7623170279029674,0.33686075581131464,4.539437881398073,-0.6400762833733278,0.6664564742558986,0.8643020408648975,0.1207933700563595,-3.175284666904749,-7.62075247056665,-9.813424704912729,-10.452454579530231,13.340177042341416,14.593948881753109,-4.4348966644242696,-13.700012317409254,4.44075718337276,-0.8314820502733702,13.0159627597257,21.84807274441445,-7.228479031896453,0.11637005467400377,-10.119490285863225,24.398294245713554,1.7455380722794873,3.9067579527325584,-7.036343574323882,11.698003341635594,0.7213096769855856,-1.4563415672211955,5.963442466654949,6.172464205572869,12.261548190495732,6.4158613511216185,2.549342518415619,-0.5362155615373196,4.309900903727099,-8.06164958834179,-5.483960423760253,-5.485335850101288,10.997663999285535,-3.4436224492646237,-25.826334402806292,11.998851392603765,0.3392516309852597,-21.93135078757445,-3.8877750692255226,-15.021233741488098,6.618161981484775,-9.618837458520515,-2.002184530970134,-7.281046078590482,23.450530502096818,11.610803361944914,-0.6286763472497481,-12.218099725601252,13.273793094979093,-1.2772836443064495,-9.586147713083141,-8.725668671862357,-13.865516503458098,6.3421070469981204,-1.3445883544197479,0.36636941604208095,-12.116108143858572,12.714231997906174,-7.842701311969328,6.0528979631325415,7.169460506523061,-4.764381349475033,-6.6573762679258754,-4.1774906611591085,9.124482807062893,-1.6611421111595375,-4.174390341869778,0.9617409119387854,-20.882201467451083,-6.685129141187732,-6.497438876095036,9.63302745220254,8.91923517227945,-10.461956678115323,-15.817053867891627,-4.378665462622284,3.9572073719183645,-4.37526679575082,-3.7168953873468706,-5.16067265085717,14.199951407751719,-5.39920161351674,-9.129953615844766,-40.81385596217995,-19362.14008248755,331693732.1452446
